4026
2696
2086
1789
1829
1946
2150
2298
2347
2313
2188
2021
1862
1852
2189
2925
4450
2424
1548
1072
906
965
1152
1331
1463
1517
1496
1378
1184
955
895
1070
1619
2674
2132
1312
899
754
776
933
1102
1186
1221
1203
1134
986
823
788
931
1389
2273
2183
1516
1132
934
914
994
1072
1097
1108
1103
1087
1062
1038
1062
1213
1590
2273
2327
1713
1386
1213
1119
1089
1076
1072
1071
1067
1068
1087
1146
1263
1423
1733
2376
2203
1562
1267
1122
1047
1036
1034
1045
1053
1042
1034
1022
1054
1130
1248
1552
2219
2083
1308
912
778
819
930
1013
1067
1086
1073
1013
895
787
774
902
1299
2050
2173
1290
842
703
771
970
1120
1220
1251
1215
1118
943
755
716
863
1336
2125
3151
2018
1446
1222
1287
1447
1569
1662
1696
1664
1571
1404
1271
1222
1461
2029
3059
