7882
4975
3720
3151
3204
3417
3767
4023
4082
3989
3737
3414
3110
3090
3678
5010
7957
4762
2836
1909
1585
1670
1983
2289
2509
2590
2540
2327
1979
1587
1482
1779
2720
4635
4234
2418
1609
1321
1345
1605
1889
2027
2080
2044
1918
1656
1374
1312
1555
2342
3956
4294
2822
2040
1649
1593
1715
1840
1873
1887
1874
1843
1795
1749
1788
2049
2719
4024
4532
3191
2502
2141
1947
1877
1841
1823
1816
1806
1805
1835
1937
2139
2422
2973
4213
4244
2880
2271
1974
1825
1791
1777
1788
1798
1776
1757
1731
1779
1902
2107
2637
3877
4044
2381
1620
1361
1421
1610
1754
1845
1875
1847
1733
1516
1320
1288
1501
2173
3520
4328
2372
1510
1242
1353
1696
1964
2137
2187
2114
1926
1602
1270
1193
1435
2226
3630
6784
3970
2721
2251
2348
2636
2854
3006
3063
2990
2789
2458
2183
2078
2474
3459
5286
