7253
5376
4422
4033
4235
4786
5532
6053
6396
6322
6202
6119
6193
5711
5305
6213
8724
4049
2832
1990
1703
2003
2500
2976
3279
3471
3410
3142
2799
2406
2188
2529
3542
5185
3484
2394
1686
1448
1624
1998
2318
2545
2587
2527
2382
2115
1781
1764
2350
3278
4718
3605
2783
2296
2074
2054
2133
2228
2296
2299
2254
2200
2141
2200
2536
3079
3828
5043
4118
3291
2782
2508
2369
2306
2305
2294
2272
2219
2227
2259
2473
2792
3273
3983
5057
4291
3259
2646
2359
2268
2327
2375
2366
2354
2302
2213
2200
2344
2558
2961
3595
4762
4309
3024
2276
2029
2073
2289
2502
2580
2571
2475
2292
2062
1832
1830
2193
2984
4343
4868
3222
2328
2054
2186
2635
2976
3129
3133
2983
2651
2192
1680
1535
1941
3019
4687
8157
5468
3893
3431
3694
4277
4776
5035
5019
4753
4191
3567
2997
2860
3453
4789
7208
